    0.10000E-03    0.56172E+03
    0.10202E-03    0.57260E+03
    0.10408E-03    0.58369E+03
    0.10618E-03    0.59500E+03
    0.10833E-03    0.60653E+03
    0.11052E-03    0.61828E+03
    0.11275E-03    0.63025E+03
    0.11503E-03    0.64246E+03
    0.11735E-03    0.65490E+03
    0.11972E-03    0.66759E+03
    0.12214E-03    0.68052E+03
    0.12461E-03    0.69370E+03
    0.12712E-03    0.70713E+03
    0.12969E-03    0.72083E+03
    0.13231E-03    0.73479E+03
    0.13499E-03    0.74902E+03
    0.13771E-03    0.76352E+03
    0.14049E-03    0.77830E+03
    0.14333E-03    0.79337E+03
    0.14623E-03    0.80873E+03
    0.14918E-03    0.82439E+03
    0.15220E-03    0.84035E+03
    0.15527E-03    0.85662E+03
    0.15841E-03    0.87319E+03
    0.16161E-03    0.89010E+03
    0.16487E-03    0.90732E+03
    0.16820E-03    0.92488E+03
    0.17160E-03    0.94278E+03
    0.17507E-03    0.96102E+03
    0.17860E-03    0.97962E+03
    0.18221E-03    0.99857E+03
    0.18589E-03    0.10179E+04
    0.18965E-03    0.10376E+04
    0.19348E-03    0.10576E+04
    0.19739E-03    0.10781E+04
    0.20138E-03    0.10990E+04
    0.20544E-03    0.11202E+04
    0.20959E-03    0.11419E+04
    0.21383E-03    0.11639E+04
    0.21815E-03    0.11864E+04
    0.22255E-03    0.12094E+04
    0.22705E-03    0.12327E+04
    0.23164E-03    0.12566E+04
    0.23632E-03    0.12808E+04
    0.24109E-03    0.13056E+04
    0.24596E-03    0.13308E+04
    0.25093E-03    0.13565E+04
    0.25600E-03    0.13827E+04
    0.26117E-03    0.14094E+04
    0.26645E-03    0.14366E+04
    0.27183E-03    0.14643E+04
    0.27732E-03    0.14926E+04
    0.28292E-03    0.15214E+04
    0.28864E-03    0.15508E+04
    0.29447E-03    0.15807E+04
    0.30042E-03    0.16112E+04
    0.30649E-03    0.16422E+04
    0.31268E-03    0.16739E+04
    0.31899E-03    0.17061E+04
    0.32544E-03    0.17390E+04
    0.33201E-03    0.17725E+04
    0.33872E-03    0.18067E+04
    0.34556E-03    0.18414E+04
    0.35254E-03    0.18769E+04
    0.35966E-03    0.19130E+04
    0.36693E-03    0.19498E+04
    0.37434E-03    0.19873E+04
    0.38190E-03    0.20255E+04
    0.38962E-03    0.20645E+04
    0.39749E-03    0.21041E+04
    0.40552E-03    0.21446E+04
    0.41371E-03    0.21857E+04
    0.42207E-03    0.22277E+04
    0.43060E-03    0.22704E+04
    0.43929E-03    0.23140E+04
    0.44817E-03    0.23584E+04
    0.45722E-03    0.24036E+04
    0.46646E-03    0.24496E+04
    0.47588E-03    0.24965E+04
    0.48550E-03    0.25443E+04
    0.49530E-03    0.25930E+04
    0.50531E-03    0.26426E+04
    0.51552E-03    0.26931E+04
    0.52593E-03    0.27446E+04
    0.53656E-03    0.27970E+04
    0.54739E-03    0.28504E+04
    0.55845E-03    0.29048E+04
    0.56973E-03    0.29601E+04
    0.58124E-03    0.30165E+04
    0.59299E-03    0.30740E+04
    0.60496E-03    0.31325E+04
    0.61719E-03    0.31921E+04
    0.62965E-03    0.32528E+04
    0.64237E-03    0.33145E+04
    0.65535E-03    0.33775E+04
    0.66859E-03    0.34415E+04
    0.68210E-03    0.35068E+04
    0.69588E-03    0.35732E+04
    0.70993E-03    0.36408E+04
    0.72427E-03    0.37097E+04
    0.73891E-03    0.37798E+04
    0.75383E-03    0.38511E+04
    0.76906E-03    0.39238E+04
    0.78460E-03    0.39977E+04
    0.80045E-03    0.40730E+04
    0.81662E-03    0.41496E+04
    0.83311E-03    0.42276E+04
    0.84994E-03    0.43070E+04
    0.86711E-03    0.43878E+04
    0.88463E-03    0.44700E+04
    0.90250E-03    0.45537E+04
    0.92073E-03    0.46389E+04
    0.93933E-03    0.47255E+04
    0.95831E-03    0.48137E+04
    0.97767E-03    0.49034E+04
    0.99742E-03    0.49947E+04
    0.10176E-02    0.50875E+04
    0.10381E-02    0.51820E+04
    0.10591E-02    0.52780E+04
    0.10805E-02    0.53758E+04
    0.11023E-02    0.54752E+04
    0.11246E-02    0.55763E+04
    0.11473E-02    0.56791E+04
    0.11705E-02    0.57837E+04
    0.11941E-02    0.58900E+04
    0.12182E-02    0.59981E+04
    0.12429E-02    0.61080E+04
    0.12680E-02    0.62197E+04
    0.12936E-02    0.63333E+04
    0.13197E-02    0.64488E+04
    0.13464E-02    0.65661E+04
    0.13736E-02    0.66854E+04
    0.14013E-02    0.68066E+04
    0.14296E-02    0.69297E+04
    0.14585E-02    0.70549E+04
    0.14880E-02    0.71820E+04
    0.15180E-02    0.73112E+04
    0.15487E-02    0.74424E+04
    0.15800E-02    0.75757E+04
    0.16119E-02    0.77111E+04
    0.16445E-02    0.78485E+04
    0.16777E-02    0.79881E+04
    0.17116E-02    0.81298E+04
    0.17462E-02    0.82736E+04
    0.17814E-02    0.84196E+04
    0.18174E-02    0.85678E+04
    0.18541E-02    0.87182E+04
    0.18916E-02    0.88708E+04
    0.19298E-02    0.90257E+04
    0.19688E-02    0.91828E+04
    0.20086E-02    0.93421E+04
    0.20491E-02    0.95038E+04
    0.20905E-02    0.96676E+04
    0.21328E-02    0.98338E+04
    0.21758E-02    0.10002E+05
    0.22198E-02    0.10173E+05
    0.22646E-02    0.10346E+05
    0.23104E-02    0.10522E+05
    0.23571E-02    0.10699E+05
    0.24047E-02    0.10879E+05
    0.24533E-02    0.11062E+05
    0.25028E-02    0.11247E+05
    0.25534E-02    0.11434E+05
    0.26050E-02    0.11623E+05
    0.26576E-02    0.11815E+05
    0.27113E-02    0.12009E+05
    0.27660E-02    0.12205E+05
    0.28219E-02    0.12404E+05
    0.28789E-02    0.12605E+05
    0.29371E-02    0.12808E+05
    0.29964E-02    0.13013E+05
    0.30569E-02    0.13221E+05
    0.31187E-02    0.13431E+05
    0.31817E-02    0.13643E+05
    0.32460E-02    0.13857E+05
    0.33115E-02    0.14074E+05
    0.33784E-02    0.14292E+05
    0.34467E-02    0.14513E+05
    0.35163E-02    0.14736E+05
    0.35874E-02    0.14961E+05
    0.36598E-02    0.15187E+05
    0.37338E-02    0.15416E+05
    0.38092E-02    0.15647E+05
    0.38861E-02    0.15879E+05
    0.39646E-02    0.16113E+05
    0.40447E-02    0.16349E+05
    0.41264E-02    0.16587E+05
    0.42098E-02    0.16826E+05
    0.42948E-02    0.17067E+05
    0.43816E-02    0.17310E+05
    0.44701E-02    0.17553E+05
    0.45604E-02    0.17799E+05
    0.46525E-02    0.18045E+05
    0.47465E-02    0.18293E+05
    0.48424E-02    0.18542E+05
    0.49402E-02    0.18791E+05
    0.50400E-02    0.19042E+05
    0.51419E-02    0.19293E+05
    0.52457E-02    0.19546E+05
    0.53517E-02    0.19799E+05
    0.54598E-02    0.20052E+05
    0.55701E-02    0.20306E+05
    0.56826E-02    0.20560E+05
    0.57974E-02    0.20814E+05
    0.59145E-02    0.21068E+05
    0.60340E-02    0.21322E+05
    0.61559E-02    0.21575E+05
    0.62803E-02    0.21829E+05
    0.64072E-02    0.22081E+05
    0.65366E-02    0.22333E+05
    0.66686E-02    0.22584E+05
    0.68033E-02    0.22834E+05
    0.69408E-02    0.23083E+05
    0.70810E-02    0.23330E+05
    0.72240E-02    0.23576E+05
    0.73700E-02    0.23820E+05
    0.75189E-02    0.24062E+05
    0.76708E-02    0.24302E+05
    0.78257E-02    0.24539E+05
    0.79838E-02    0.24774E+05
    0.81451E-02    0.25006E+05
    0.83096E-02    0.25234E+05
    0.84775E-02    0.25460E+05
    0.86488E-02    0.25682E+05
    0.88235E-02    0.25900E+05
    0.90017E-02    0.26114E+05
    0.91836E-02    0.26324E+05
    0.93691E-02    0.26529E+05
    0.95583E-02    0.26730E+05
    0.97514E-02    0.26925E+05
    0.99484E-02    0.27115E+05
    0.10149E-01    0.27299E+05
    0.10354E-01    0.27478E+05
    0.10564E-01    0.27650E+05
    0.10777E-01    0.27816E+05
    0.10995E-01    0.27974E+05
    0.11217E-01    0.28126E+05
    0.11443E-01    0.28270E+05
    0.11675E-01    0.28407E+05
    0.11910E-01    0.28535E+05
    0.12151E-01    0.28655E+05
    0.12397E-01    0.28766E+05
    0.12647E-01    0.28868E+05
    0.12902E-01    0.28961E+05
    0.13163E-01    0.29044E+05
    0.13429E-01    0.29117E+05
    0.13700E-01    0.29180E+05
    0.13977E-01    0.29232E+05
    0.14259E-01    0.29274E+05
    0.14547E-01    0.29303E+05
    0.14841E-01    0.29322E+05
    0.15141E-01    0.29329E+05
    0.15447E-01    0.29323E+05
    0.15759E-01    0.29305E+05
    0.16077E-01    0.29275E+05
    0.16402E-01    0.29231E+05
    0.16734E-01    0.29175E+05
    0.17072E-01    0.29105E+05
    0.17416E-01    0.29021E+05
    0.17768E-01    0.28924E+05
    0.18127E-01    0.28813E+05
    0.18493E-01    0.28689E+05
    0.18867E-01    0.28550E+05
    0.19248E-01    0.28397E+05
    0.19637E-01    0.28230E+05
    0.20034E-01    0.28048E+05
    0.20438E-01    0.27853E+05
    0.20851E-01    0.27643E+05
    0.21272E-01    0.27420E+05
    0.21702E-01    0.27183E+05
    0.22141E-01    0.26932E+05
    0.22588E-01    0.26668E+05
    0.23044E-01    0.26391E+05
    0.23510E-01    0.26102E+05
    0.23985E-01    0.25800E+05
    0.24469E-01    0.25486E+05
    0.24964E-01    0.25161E+05
    0.25468E-01    0.24826E+05
    0.25982E-01    0.24480E+05
    0.26507E-01    0.24125E+05
    0.27043E-01    0.23761E+05
    0.27589E-01    0.23389E+05
    0.28146E-01    0.23010E+05
    0.28715E-01    0.22625E+05
    0.29295E-01    0.22234E+05
    0.29887E-01    0.21839E+05
    0.30490E-01    0.21441E+05
    0.31106E-01    0.21041E+05
    0.31735E-01    0.20640E+05
    0.32376E-01    0.20238E+05
    0.33030E-01    0.19838E+05
    0.33697E-01    0.19438E+05
    0.34378E-01    0.19041E+05
    0.35072E-01    0.18647E+05
    0.35781E-01    0.18257E+05
    0.36504E-01    0.17873E+05
    0.37241E-01    0.17495E+05
    0.37993E-01    0.17126E+05
    0.38761E-01    0.16766E+05
    0.39544E-01    0.16417E+05
    0.40343E-01    0.16079E+05
    0.41158E-01    0.15754E+05
    0.41989E-01    0.15441E+05
    0.42838E-01    0.15142E+05
    0.43703E-01    0.14856E+05
    0.44586E-01    0.14583E+05
    0.45486E-01    0.14322E+05
    0.46405E-01    0.14074E+05
    0.47343E-01    0.13838E+05
    0.48299E-01    0.13613E+05
    0.49275E-01    0.13399E+05
    0.50270E-01    0.13194E+05
    0.51286E-01    0.12999E+05
    0.52322E-01    0.12811E+05
    0.53379E-01    0.12632E+05
    0.54457E-01    0.12459E+05
    0.55557E-01    0.12294E+05
    0.56680E-01    0.12135E+05
    0.57825E-01    0.11980E+05
    0.58993E-01    0.11824E+05
    0.60184E-01    0.11664E+05
    0.61400E-01    0.11498E+05
    0.62641E-01    0.11323E+05
    0.63906E-01    0.11139E+05
    0.65197E-01    0.10946E+05
    0.66514E-01    0.10742E+05
    0.67858E-01    0.10526E+05
    0.69229E-01    0.10298E+05
    0.70627E-01    0.10057E+05
    0.72054E-01    0.98026E+04
    0.73510E-01    0.95358E+04
    0.74994E-01    0.92578E+04
    0.76509E-01    0.89702E+04
    0.78055E-01    0.86753E+04
    0.79632E-01    0.83755E+04
    0.81241E-01    0.80732E+04
    0.82882E-01    0.77716E+04
    0.84556E-01    0.74736E+04
    0.86264E-01    0.71822E+04
    0.88007E-01    0.69005E+04
    0.89785E-01    0.66315E+04
    0.91598E-01    0.63774E+04
    0.93449E-01    0.61407E+04
    0.95337E-01    0.59230E+04
    0.97263E-01    0.57252E+04
    0.99227E-01    0.55477E+04
    0.10123E+00    0.53901E+04
    0.10328E+00    0.52514E+04
    0.10536E+00    0.51301E+04
    0.10749E+00    0.50238E+04
    0.10966E+00    0.49301E+04
    0.11188E+00    0.48456E+04
    0.11414E+00    0.47664E+04
    0.11644E+00    0.46884E+04
    0.11880E+00    0.46070E+04
    0.12120E+00    0.45178E+04
    0.12365E+00    0.44172E+04
    0.12614E+00    0.43031E+04
    0.12869E+00    0.41748E+04
    0.13129E+00    0.40334E+04
    0.13394E+00    0.38814E+04
    0.13665E+00    0.37220E+04
    0.13941E+00    0.35588E+04
    0.14223E+00    0.33953E+04
    0.14510E+00    0.32355E+04
    0.14803E+00    0.30834E+04
    0.15102E+00    0.29431E+04
    0.15407E+00    0.28180E+04
    0.15718E+00    0.27099E+04
    0.16036E+00    0.26188E+04
    0.16360E+00    0.25431E+04
    0.16690E+00    0.24795E+04
    0.17028E+00    0.24242E+04
    0.17371E+00    0.23733E+04
    0.17722E+00    0.23229E+04
    0.18080E+00    0.22691E+04
    0.18446E+00    0.22083E+04
    0.18818E+00    0.21386E+04
    0.19198E+00    0.20598E+04
    0.19586E+00    0.19738E+04
    0.19982E+00    0.18839E+04
    0.20386E+00    0.17939E+04
    0.20797E+00    0.17075E+04
    0.21218E+00    0.16281E+04
    0.21646E+00    0.15584E+04
    0.22083E+00    0.14996E+04
    0.22530E+00    0.14503E+04
    0.22985E+00    0.14085E+04
    0.23449E+00    0.13705E+04
    0.23923E+00    0.13330E+04
    0.24406E+00    0.12934E+04
    0.24899E+00    0.12497E+04
    0.25402E+00    0.12014E+04
    0.25915E+00    0.11496E+04
    0.26439E+00    0.10969E+04
    0.26973E+00    0.10462E+04
    0.27518E+00    0.99959E+03
    0.28074E+00    0.95838E+03
    0.28641E+00    0.92272E+03
    0.29219E+00    0.89144E+03
    0.29810E+00    0.86242E+03
    0.30412E+00    0.83367E+03
    0.31026E+00    0.80351E+03
    0.31653E+00    0.77160E+03
    0.32292E+00    0.73851E+03
    0.32945E+00    0.70566E+03
    0.33610E+00    0.67472E+03
    0.34289E+00    0.64651E+03
    0.34982E+00    0.62127E+03
    0.35689E+00    0.59819E+03
    0.36409E+00    0.57608E+03
    0.37145E+00    0.55407E+03
    0.37895E+00    0.53162E+03
    0.38661E+00    0.50906E+03
    0.39442E+00    0.48704E+03
    0.40239E+00    0.46624E+03
    0.41052E+00    0.44713E+03
    0.41881E+00    0.42925E+03
    0.42727E+00    0.41200E+03
    0.43590E+00    0.39526E+03
    0.44471E+00    0.37904E+03
    0.45369E+00    0.36335E+03
    0.46286E+00    0.34819E+03
    0.47221E+00    0.33357E+03
    0.48174E+00    0.31948E+03
    0.49148E+00    0.30593E+03
    0.50141E+00    0.29290E+03
    0.51153E+00    0.28040E+03
    0.52187E+00    0.26841E+03
    0.53241E+00    0.25693E+03
    0.54317E+00    0.24593E+03
    0.55414E+00    0.23540E+03
    0.56533E+00    0.22530E+03
    0.57675E+00    0.21562E+03
    0.58840E+00    0.20635E+03
    0.60029E+00    0.19746E+03
    0.61242E+00    0.18894E+03
    0.62479E+00    0.18077E+03
    0.63741E+00    0.17293E+03
    0.65029E+00    0.16541E+03
    0.66342E+00    0.15821E+03
    0.67683E+00    0.15129E+03
    0.69050E+00    0.14466E+03
    0.70445E+00    0.13831E+03
    0.71868E+00    0.13222E+03
    0.73320E+00    0.12638E+03
    0.74801E+00    0.12079E+03
    0.76312E+00    0.11544E+03
    0.77854E+00    0.11031E+03
    0.79426E+00    0.10540E+03
    0.81031E+00    0.10070E+03
    0.82668E+00    0.96198E+02
    0.84338E+00    0.91892E+02
    0.86041E+00    0.87771E+02
    0.87780E+00    0.83828E+02
    0.89553E+00    0.80055E+02
    0.91362E+00    0.76445E+02
    0.93208E+00    0.72993E+02
    0.95091E+00    0.69690E+02
    0.97011E+00    0.66531E+02
    0.98971E+00    0.63510E+02
    0.10097E+01    0.60621E+02
    0.10301E+01    0.57859E+02
    0.10509E+01    0.55218E+02
    0.10721E+01    0.52693E+02
    0.10938E+01    0.50279E+02
    0.11159E+01    0.47973E+02
    0.11384E+01    0.45768E+02
    0.11614E+01    0.43661E+02
    0.11849E+01    0.41648E+02
    0.12088E+01    0.39725E+02
    0.12333E+01    0.37888E+02
    0.12582E+01    0.36133E+02
    0.12836E+01    0.34457E+02
    0.13095E+01    0.32856E+02
    0.13360E+01    0.31327E+02
    0.13630E+01    0.29867E+02
    0.13905E+01    0.28473E+02
    0.14186E+01    0.27143E+02
    0.14472E+01    0.25872E+02
    0.14765E+01    0.24660E+02
    0.15063E+01    0.23502E+02
    0.15367E+01    0.22398E+02
    0.15678E+01    0.21344E+02
    0.15994E+01    0.20338E+02
    0.16318E+01    0.19378E+02
    0.16647E+01    0.18462E+02
    0.16984E+01    0.17589E+02
    0.17327E+01    0.16755E+02
    0.17677E+01    0.15960E+02
    0.18034E+01    0.15202E+02
    0.18398E+01    0.14479E+02
    0.18770E+01    0.13790E+02
    0.19149E+01    0.13132E+02
    0.19536E+01    0.12505E+02
    0.19930E+01    0.11907E+02
    0.20333E+01    0.11338E+02
    0.20744E+01    0.10794E+02
    0.21163E+01    0.10277E+02
    0.21590E+01    0.97830E+01
    0.22026E+01    0.93126E+01
    0.22471E+01    0.88643E+01
    0.22925E+01    0.84371E+01
    0.23388E+01    0.80301E+01
    0.23861E+01    0.76422E+01
    0.24343E+01    0.72727E+01
    0.24835E+01    0.69206E+01
    0.25336E+01    0.65853E+01
    0.25848E+01    0.62658E+01
    0.26370E+01    0.59616E+01
    0.26903E+01    0.56717E+01
    0.27447E+01    0.53957E+01
    0.28001E+01    0.51329E+01
    0.28567E+01    0.48826E+01
    0.29144E+01    0.46443E+01
    0.29733E+01    0.44173E+01
    0.30333E+01    0.42013E+01
    0.30946E+01    0.39956E+01
    0.31571E+01    0.37998E+01
    0.32209E+01    0.36134E+01
    0.32860E+01    0.34359E+01
    0.33523E+01    0.32671E+01
    0.34201E+01    0.31063E+01
    0.34892E+01    0.29534E+01
    0.35596E+01    0.28078E+01
    0.36316E+01    0.26693E+01
    0.37049E+01    0.25375E+01
    0.37798E+01    0.24121E+01
    0.38561E+01    0.22928E+01
    0.39340E+01    0.21793E+01
    0.40135E+01    0.20713E+01
    0.40946E+01    0.19685E+01
    0.41773E+01    0.18708E+01
    0.42617E+01    0.17779E+01
    0.43478E+01    0.16895E+01
    0.44356E+01    0.16054E+01
    0.45252E+01    0.15254E+01
    0.46166E+01    0.14494E+01
    0.47099E+01    0.13771E+01
    0.48050E+01    0.13083E+01
    0.49021E+01    0.12430E+01
    0.50011E+01    0.11808E+01
    0.51021E+01    0.11217E+01
    0.52052E+01    0.10655E+01
    0.53104E+01    0.10121E+01
    0.54176E+01    0.96135E+00
    0.55271E+01    0.91309E+00
    0.56387E+01    0.86722E+00
    0.57526E+01    0.82361E+00
    0.58689E+01    0.78217E+00
    0.59874E+01    0.74279E+00
    0.61084E+01    0.70536E+00
    0.62318E+01    0.66979E+00
    0.63577E+01    0.63599E+00
    0.64861E+01    0.60388E+00
    0.66171E+01    0.57336E+00
    0.67508E+01    0.54437E+00
    0.68872E+01    0.51682E+00
    0.70263E+01    0.49065E+00
    0.71682E+01    0.46578E+00
    0.73130E+01    0.44216E+00
    0.74608E+01    0.41973E+00
    0.76115E+01    0.39841E+00
    0.77653E+01    0.37817E+00
    0.79221E+01    0.35894E+00
    0.80822E+01    0.34068E+00
    0.82454E+01    0.32334E+00
    0.84120E+01    0.30686E+00
    0.85819E+01    0.29122E+00
    0.87553E+01    0.27637E+00
    0.89322E+01    0.26226E+00
    0.91126E+01    0.24887E+00
    0.92967E+01    0.23615E+00
    0.94845E+01    0.22407E+00
    0.96761E+01    0.21261E+00
    0.98716E+01    0.20172E+00
    0.10071E+02    0.19139E+00
    0.10274E+02    0.18158E+00
    0.10482E+02    0.17227E+00
    0.10694E+02    0.16342E+00
    0.10910E+02    0.15503E+00
    0.11130E+02    0.14707E+00
    0.11355E+02    0.13951E+00
    0.11584E+02    0.13233E+00
    0.11818E+02    0.12552E+00
    0.12057E+02    0.11906E+00
    0.12301E+02    0.11292E+00
    0.12549E+02    0.10710E+00
    0.12803E+02    0.10158E+00
    0.13061E+02    0.96333E-01
    0.13325E+02    0.91358E-01
    0.13594E+02    0.86638E-01
    0.13869E+02    0.82160E-01
    0.14149E+02    0.77910E-01
    0.14435E+02    0.73878E-01
    0.14727E+02    0.70053E-01
    0.15024E+02    0.66424E-01
    0.15328E+02    0.62981E-01
    0.15637E+02    0.59715E-01
    0.15953E+02    0.56617E-01
    0.16275E+02    0.53678E-01
    0.16604E+02    0.50890E-01
    0.16940E+02    0.48245E-01
    0.17282E+02    0.45737E-01
    0.17631E+02    0.43358E-01
    0.17987E+02    0.41102E-01
    0.18351E+02    0.38961E-01
    0.18721E+02    0.36932E-01
    0.19099E+02    0.35007E-01
    0.19485E+02    0.33182E-01
    0.19879E+02    0.31451E-01
    0.20280E+02    0.29809E-01
    0.20690E+02    0.28252E-01
    0.21108E+02    0.26776E-01
    0.21535E+02    0.25377E-01
    0.21970E+02    0.24050E-01
    0.22413E+02    0.22792E-01
    0.22866E+02    0.21599E-01
    0.23328E+02    0.20468E-01
    0.23799E+02    0.19395E-01
    0.24280E+02    0.18379E-01
    0.24771E+02    0.17415E-01
    0.25271E+02    0.16501E-01
    0.25782E+02    0.15635E-01
    0.26302E+02    0.14814E-01
    0.26834E+02    0.14036E-01
    0.27376E+02    0.13298E-01
    0.27929E+02    0.12599E-01
    0.28493E+02    0.11936E-01
    0.29069E+02    0.11308E-01
    0.29656E+02    0.10713E-01
    0.30255E+02    0.10148E-01
    0.30866E+02    0.96134E-02
    0.31490E+02    0.91066E-02
    0.32126E+02    0.86263E-02
    0.32775E+02    0.81710E-02
    0.33437E+02    0.77397E-02
    0.34112E+02    0.73309E-02
    0.34801E+02    0.69435E-02
    0.35504E+02    0.65765E-02
    0.36222E+02    0.62287E-02
    0.36953E+02    0.58991E-02
    0.37700E+02    0.55868E-02
    0.38462E+02    0.52910E-02
    0.39239E+02    0.50107E-02
    0.40031E+02    0.47451E-02
    0.40840E+02    0.44935E-02
    0.41665E+02    0.42551E-02
    0.42507E+02    0.40293E-02
    0.43365E+02    0.38153E-02
    0.44241E+02    0.36126E-02
    0.45135E+02    0.34206E-02
    0.46047E+02    0.32388E-02
    0.46977E+02    0.30665E-02
    0.47926E+02    0.29033E-02
    0.48894E+02    0.27487E-02
    0.49882E+02    0.26023E-02
    0.50890E+02    0.24636E-02
    0.51918E+02    0.23323E-02
    0.52966E+02    0.22079E-02
    0.54036E+02    0.20900E-02
    0.55128E+02    0.19785E-02
    0.56242E+02    0.18728E-02
    0.57378E+02    0.17727E-02
    0.58537E+02    0.16779E-02
    0.59720E+02    0.15881E-02
    0.60926E+02    0.15031E-02
    0.62157E+02    0.14227E-02
    0.63412E+02    0.13464E-02
    0.64693E+02    0.12743E-02
    0.66000E+02    0.12059E-02
    0.67334E+02    0.11412E-02
    0.68694E+02    0.10800E-02
    0.70082E+02    0.10219E-02
    0.71497E+02    0.96702E-03
    0.72942E+02    0.91502E-03
    0.74415E+02    0.86579E-03
    0.75918E+02    0.81918E-03
    0.77452E+02    0.77506E-03
    0.79017E+02    0.73328E-03
    0.80613E+02    0.69374E-03
    0.82241E+02    0.65630E-03
    0.83903E+02    0.62087E-03
    0.85598E+02    0.58732E-03
    0.87327E+02    0.55557E-03
    0.89091E+02    0.52551E-03
    0.90891E+02    0.49707E-03
    0.92727E+02    0.47014E-03
    0.94600E+02    0.44466E-03
    0.96511E+02    0.42054E-03
    0.98461E+02    0.39771E-03
    0.10045E+03    0.37611E-03
    0.10248E+03    0.35566E-03
    0.10455E+03    0.33631E-03
    0.10666E+03    0.31800E-03
    0.10882E+03    0.30067E-03
    0.11101E+03    0.28428E-03
    0.11326E+03    0.26876E-03
    0.11554E+03    0.25408E-03
    0.11788E+03    0.24019E-03
    0.12026E+03    0.22705E-03
    0.12269E+03    0.21461E-03
    0.12517E+03    0.20285E-03
    0.12770E+03    0.19172E-03
    0.13028E+03    0.18119E-03
    0.13291E+03    0.17122E-03
    0.13559E+03    0.16180E-03
    0.13833E+03    0.15289E-03
    0.14113E+03    0.14445E-03
    0.14398E+03    0.13648E-03
    0.14689E+03    0.12893E-03
    0.14985E+03    0.12180E-03
    0.15288E+03    0.11505E-03
    0.15597E+03    0.10867E-03
    0.15912E+03    0.10263E-03
    0.16233E+03    0.96924E-04
    0.16561E+03    0.91526E-04
    0.16896E+03    0.86422E-04
    0.17237E+03    0.81596E-04
    0.17585E+03    0.77033E-04
    0.17941E+03    0.72719E-04
    0.18303E+03    0.68640E-04
    0.18673E+03    0.64785E-04
    0.19050E+03    0.61140E-04
    0.19435E+03    0.57695E-04
    0.19828E+03    0.54438E-04
    0.20228E+03    0.51360E-04
    0.20637E+03    0.48451E-04
    0.21054E+03    0.45702E-04
    0.21479E+03    0.43104E-04
    0.21913E+03    0.40650E-04
    0.22356E+03    0.38331E-04
    0.22807E+03    0.36139E-04
    0.23268E+03    0.34069E-04
    0.23738E+03    0.32114E-04
    0.24217E+03    0.30267E-04
    0.24707E+03    0.28523E-04
    0.25206E+03    0.26876E-04
    0.25715E+03    0.25320E-04
    0.26234E+03    0.23851E-04
    0.26764E+03    0.22464E-04
    0.27305E+03    0.21155E-04
    0.27857E+03    0.19919E-04
    0.28419E+03    0.18753E-04
    0.28994E+03    0.17652E-04
    0.29579E+03    0.16614E-04
    0.30177E+03    0.15634E-04
    0.30786E+03    0.14710E-04
    0.31408E+03    0.13838E-04
    0.32043E+03    0.13015E-04
    0.32690E+03    0.12240E-04
    0.33351E+03    0.11509E-04
    0.34024E+03    0.10820E-04
    0.34712E+03    0.10170E-04
    0.35413E+03    0.95577E-05
    0.36128E+03    0.89808E-05
    0.36858E+03    0.84374E-05
    0.37603E+03    0.79255E-05
    0.38362E+03    0.74435E-05
    0.39137E+03    0.69896E-05
    0.39928E+03    0.65623E-05
    0.40734E+03    0.61602E-05
    0.41557E+03    0.57817E-05
    0.42397E+03    0.54256E-05
    0.43253E+03    0.50906E-05
    0.44127E+03    0.47756E-05
    0.45019E+03    0.44795E-05
    0.45928E+03    0.42011E-05
    0.46856E+03    0.39395E-05
    0.47802E+03    0.36936E-05
    0.48768E+03    0.34627E-05
    0.49753E+03    0.32459E-05
    0.50758E+03    0.30422E-05
    0.51784E+03    0.28510E-05
    0.52830E+03    0.26716E-05
    0.53897E+03    0.25032E-05
    0.54986E+03    0.23452E-05
    0.56097E+03    0.21970E-05
    0.57230E+03    0.20580E-05
    0.58386E+03    0.19277E-05
    0.59565E+03    0.18056E-05
    0.60769E+03    0.16911E-05
    0.61996E+03    0.15838E-05
    0.63249E+03    0.14833E-05
    0.64526E+03    0.13892E-05
    0.65830E+03    0.13010E-05
    0.67160E+03    0.12184E-05
    0.68516E+03    0.11410E-05
    0.69901E+03    0.10685E-05
    0.71313E+03    0.10007E-05
    0.72753E+03    0.93717E-06
    0.74223E+03    0.87768E-06
    0.75722E+03    0.82199E-06
    0.77252E+03    0.76984E-06
    0.78813E+03    0.72101E-06
    0.80405E+03    0.67530E-06
    0.82029E+03    0.63251E-06
    0.83686E+03    0.59244E-06
    0.85377E+03    0.55493E-06
    0.87101E+03    0.51980E-06
    0.88861E+03    0.48691E-06
    0.90656E+03    0.45611E-06
    0.92488E+03    0.42728E-06
    0.94356E+03    0.40026E-06
    0.96262E+03    0.37497E-06
    0.98207E+03    0.35128E-06
    0.10019E+04    0.32909E-06
    0.10221E+04    0.30831E-06
    0.10428E+04    0.28884E-06
    0.10639E+04    0.27061E-06
    0.10854E+04    0.25354E-06
    0.11073E+04    0.23755E-06
    0.11296E+04    0.22258E-06
    0.11525E+04    0.20855E-06
    0.11757E+04    0.19542E-06
    0.11995E+04    0.18312E-06
    0.12237E+04    0.17161E-06
    0.12485E+04    0.16082E-06
    0.12737E+04    0.15072E-06
    0.12994E+04    0.14126E-06
    0.13257E+04    0.13240E-06
    0.13524E+04    0.12411E-06
    0.13798E+04    0.11634E-06
    0.14076E+04    0.10906E-06
    0.14361E+04    0.10224E-06
    0.14651E+04    0.95850E-07
    0.14947E+04    0.89865E-07
    0.15249E+04    0.84259E-07
    0.15557E+04    0.79005E-07
    0.15871E+04    0.74083E-07
    0.16192E+04    0.69470E-07
    0.16519E+04    0.65148E-07
    0.16852E+04    0.61098E-07
    0.17193E+04    0.57302E-07
    0.17540E+04    0.53745E-07
    0.17894E+04    0.50412E-07
    0.18256E+04    0.47288E-07
    0.18625E+04    0.44359E-07
    0.19001E+04    0.41614E-07
    0.19385E+04    0.39042E-07
    0.19776E+04    0.36630E-07
    0.20176E+04    0.34369E-07
    0.20583E+04    0.32250E-07
    0.20999E+04    0.30263E-07
    0.21424E+04    0.28401E-07
    0.21856E+04    0.26654E-07
    0.22298E+04    0.25016E-07
    0.22748E+04    0.23480E-07
    0.23208E+04    0.22040E-07
    0.23677E+04    0.20690E-07
    0.24155E+04    0.19423E-07
    0.24643E+04    0.18235E-07
    0.25141E+04    0.17121E-07
    0.25649E+04    0.16076E-07
    0.26167E+04    0.15095E-07
    0.26695E+04    0.14175E-07
    0.27235E+04    0.13312E-07
    0.27785E+04    0.12503E-07
    0.28346E+04    0.11743E-07
    0.28919E+04    0.11030E-07
    0.29503E+04    0.10361E-07
    0.30099E+04    0.97335E-08
    0.30707E+04    0.91444E-08
    0.31327E+04    0.85915E-08
    0.31960E+04    0.80725E-08
    0.32606E+04    0.75854E-08
    0.33264E+04    0.71281E-08
    0.33936E+04    0.66988E-08
    0.34622E+04    0.62959E-08
    0.35321E+04    0.59175E-08
    0.36035E+04    0.55622E-08
    0.36763E+04    0.52286E-08
    0.37506E+04    0.49153E-08
    0.38263E+04    0.46212E-08
    0.39036E+04    0.43449E-08
    0.39825E+04    0.40853E-08
    0.40629E+04    0.38416E-08
    0.41450E+04    0.36126E-08
    0.42287E+04    0.33975E-08
    0.43142E+04    0.31954E-08
    0.44013E+04    0.30055E-08
    0.44902E+04    0.28271E-08
    0.45809E+04    0.26594E-08
    0.46735E+04    0.25018E-08
    0.47679E+04    0.23537E-08
    0.48642E+04    0.22145E-08
    0.49625E+04    0.20837E-08
    0.50627E+04    0.19607E-08
    0.51650E+04    0.18451E-08
    0.52693E+04    0.17364E-08
    0.53758E+04    0.16343E-08
    0.54844E+04    0.15382E-08
    0.55952E+04    0.14479E-08
    0.57082E+04    0.13630E-08
    0.58235E+04    0.12832E-08
    0.59412E+04    0.12081E-08
    0.60612E+04    0.11375E-08
    0.61836E+04    0.10711E-08
    0.63085E+04    0.10086E-08
    0.64360E+04    0.94981E-09
    0.65660E+04    0.89450E-09
    0.66986E+04    0.84244E-09
    0.68340E+04    0.79344E-09
    0.69720E+04    0.74731E-09
    0.71129E+04    0.70387E-09
    0.72566E+04    0.66296E-09
